
01 1 5 19 6 41 12 06 3 46 5 27 6 45   -1
02 1 5 19 6 41 12 06 3 46 5 27 6 45  -1
03 1 5 19 6 41 12 06 3 46 5 27 6 45   -1
04 1 5 19 6 41 12 06 3 46 5 27 6 45  -1
05 1 5 21 6 42 12 08 3 49 5 29 6 48  -1
06 1 5 21 6 42 12 08 3 49 5 29 6 48   -1
07 1 5 21 6 42 12 08 3 49 5 29 6 48   -1
08 1 5 21 6 42 12 08 3 49 5 29 6 48   -1
09 1 5 21 6 42 12 08 3 49 5 29 6 48  -1
10 1 5 22 6 43 12 10 3 53 5 33 6 51   -1
11 1 5 22 6 43 12 10 3 53 5 33 6 51   -1
12 1 5 22 6 43 12 10 3 53 5 33 6 51   -1
13 1 5 22 6 43 12 10 3 53 5 33 6 51  -1
14 1 5 22 6 43 12 10 3 53 5 33 6 51   -1
15 1 5 23 6 43 12 12 3 56 5 36 6 53   -1
16 1 5 23 6 43 12 12 3 56 5 36 6 53  -1
17 1 5 23 6 43 12 12 3 56 5 36 6 53  -1
18 1 5 23 6 43 12 12 3 56 5 36 6 53   -1
19 1 5 23 6 43 12 12 3 56 5 36 6 53  -1
20 1 5 23 6 43 12 13 4 00 5 40 6 56  -1
21 1 5 23 6 43 12 13 4 00 5 40 6 56   -1
22 1 5 23 6 43 12 13 4 00 5 40 6 56  -1
23 1 5 23 6 43 12 13 4 00 5 40 6 56  -1
24 1 5 23 6 43 12 13 4 00 5 40 6 56  -1
25 1 5 22 6 41 12 14 4 03 5 43 7 00   -1
26 1 5 22 6 41 12 14 4 03 5 43 7 00  -1
27 1 5 22 6 41 12 14 4 03 5 43 7 00   -1
28 1 5 22 6 41 12 14 4 03 5 43 7 00   -1
29 1 5 22 6 41 12 14 4 03 5 43 7 00  -1
30 1 5 22 6 41 12 14 4 03 5 43 7 00   -1
31 1 5 22 6 41 12 14 4 03 5 43 7 00  -1

01 2 5 21 6 39 12 16 4 08 5 48 7 04   -1
02 2 5 21 6 39 12 16 4 08 5 48 7 04   -1
03 2 5 21 6 39 12 16 4 08 5 48 7 04  -1
04 2 5 21 6 39 12 16 4 08 5 48 7 04  -1
05 2 5 19 6 37 12 16 4 11 5 51 7 06   -1
06 2 5 19 6 37 12 16 4 11 5 51 7 06   -1
07 2 5 19 6 37 12 16 4 11 5 51 7 06  -1
08 2 5 19 6 37 12 16 4 11 5 51 7 06 -1
09 2 5 19 6 37 12 16 4 11 5 51 7 06  -1
10 2 5 17 6 34 12 16 4 14 5 54 7 09   -1
11 2 5 17 6 34 12 16 4 14 5 54 7 09  -1
12 2 5 17 6 34 12 16 4 14 5 54 7 09  -1
13 2 5 17 6 34 12 16 4 14 5 54 7 09  -1
14 2 5 17 6 34 12 16 4 14 5 54 7 09   -1
15 2 5 14 6 31 12 16 4 16 5 57 7 11   -1
16 2 5 14 6 31 12 16 4 16 5 57 7 11  -1
17 2 5 14 6 31 12 16 4 16 5 57 7 11   -1
18 2 5 14 6 31 12 16 4 16 5 57 7 11  -1
19 2 5 14 6 31 12 16 4 16 5 57 7 11  -1
20 2 5 11 6 28 12 16 4 19 6 00 7 14 -1
21 2 5 11 6 28 12 16 4 19 6 00 7 14   -1
22 2 5 11 6 28 12 16 4 19 6 00 7 14   -1
23 2 5 11 6 28 12 16 4 19 6 00 7 14   -1
24 2 5 11 6 28 12 16 4 19 6 00 7 14  -1
25 2 5 07 6 25 12 15 4 21 6 03 7 17  -1
26 2 5 07 6 25 12 15 4 21 6 03 7 17   -1
27 2 5 07 6 25 12 15 4 21 6 03 7 17  -1
28 2 5 07 6 25 12 15 4 21 6 03 7 17   -1
29 2 5 07 6 25 12 15 4 21 6 03 7 17   -1



01 3 5 04 6 20 12 14 4 26 6 05 7 18   -1
02 3 5 04 6 20 12 14 4 26 6 05 7 18   -1
03 3 5 04 6 20 12 14 4 26 6 05 7 18   -1
04 3 5 04 6 20 12 14 4 26 6 05 7 18 -1
05 3 5 01 6 17 12 13 4 29 6 06 7 19   -1
06 3 5 01 6 17 12 13 4 29 6 06 7 19  -1
07 3 5 01 6 17 12 13 4 29 6 06 7 19   -1
08 3 5 01 6 17 12 13 4 29 6 06 7 19  -1
09 3 5 01 6 17 12 13 4 29 6 06 7 19  -1
10 3 4 56 6 12 12 13 4 25 6 09 7 22   -1
11 3 4 56 6 12 12 13 4 25 6 09 7 22   -1
12 3 4 56 6 12 12 13 4 25 6 09 7 22   -1
13 3 4 56 6 12 12 13 4 25 6 09 7 22   -1
14 3 4 56 6 12 12 13 4 25 6 09 7 22   -1
15 3 4 51 6 07 12 13 4 26 6 11 7 24  -1
16 3 4 51 6 07 12 13 4 26 6 11 7 24   -1
17 3 4 51 6 07 12 13 4 26 6 11 7 24   -1
18 3 4 51 6 07 12 13 4 26 6 11 7 24   -1
19 3 4 51 6 07 12 13 4 26 6 11 7 24  -1
20 3 4 46 6 03 12 10 4 27 6 15 7 26  -1
21 3 4 46 6 03 12 10 4 27 6 15 7 26  -1
22 3 4 46 6 03 12 10 4 27 6 15 7 26  -1
23 3 4 46 6 03 12 10 4 27 6 15 7 26   -1
24 3 4 46 6 03 12 10 4 27 6 15 7 26   -1
25 3 4 41 5 57 12 08 4 28 6 15 7 28   -1
26 3 4 41 5 57 12 08 4 28 6 15 7 28   -1
27 3 4 41 5 57 12 08 4 28 6 15 7 28   -1
29 3 4 41 5 57 12 08 4 28 6 15 7 28   -1
30 3 4 41 5 57 12 08 4 28 6 15 7 28   -1
31 3 4 41 5 57 12 08 4 28 6 15 7 28  -1



01 4 4 32 5 50 12 06 4 29 6 18 7 33 -1
02 4 4 32 5 50 12 06 4 29 6 18 7 33   -1
04 4 4 32 5 50 12 06 4 29 6 18 7 33  -1
05 4 4 27 5 46 12 05 4 29 6 20 7 35   -1
06 4 4 27 5 46 12 05 4 29 6 20 7 35   -1
07 4 4 27 5 46 12 05 4 29 6 20 7 35   -1
08 4 4 27 5 46 12 05 4 29 6 20 7 35   -1
09 4 4 27 5 46 12 05 4 29 6 20 7 35   -1
10 4 4 23 5 41 12 04 4 30 6 22 7 37   -1
11 4 4 23 5 41 12 04 4 30 6 22 7 37  -1
12 4 4 23 5 41 12 04 4 30 6 22 7 37   -1
13 4 4 23 5 41 12 04 4 30 6 22 7 37   -1
14 4 4 23 5 41 12 04 4 30 6 22 7 37  -1
15 4 4 17 5 37 12 02 4 30 6 24 7 40   -1
16 4 4 17 5 37 12 02 4 30 6 24 7 40   -1
17 4 4 17 5 37 12 02 4 30 6 24 7 40   -1
18 4 4 17 5 37 12 02 4 30 6 24 7 40   -1
19 4 4 17 5 37 12 02 4 30 6 24 7 40   -1
20 4 4 12 5 33 12 01 4 30 6 26 7 43   -1
21 4 4 12 5 33 12 01 4 30 6 26 7 43   -1
22 4 4 12 5 33 12 01 4 30 6 26 7 43  -1
23 4 4 12 5 33 12 01 4 30 6 26 7 43   -1
24 4 4 12 5 33 12 01 4 30 6 26 7 43   -1
25 4 4 08 5 28 12 00 4 31 6 28 7 45  -1
26 4 4 08 5 28 12 00 4 31 6 28 7 45   -1
27 4 4 08 5 28 12 00 4 31 6 28 7 45  -1
28 4 4 08 5 28 12 00 4 31 6 28 7 45   -1
29 4 4 08 5 28 12 00 4 31 6 28 7 45   -1
30 4 4 08 5 28 12 00 4 31 6 28 7 45  -1
31 4 4 08 5 28 12 00 4 31 6 28 7 45 -1


01 5 4 02 5 24 11 59 4 31 6 31 7 50   -1
02 5 4 02 5 24 11 59 4 31 6 31 7 50  -1
03 5 4 02 5 24 11 59 4 31 6 31 7 50   -1
04 5 4 02 5 24 11 59 4 31 6 31 7 50 -1
05 5 3 57 5 21 11 59 4 31 6 33 7 53   -1
06 5 3 57 5 21 11 59 4 31 6 33 7 53   -1
07 5 3 57 5 21 11 59 4 31 6 33 7 53   -1
08 5 3 57 5 21 11 59 4 31 6 33 7 53 -1
09 5 3 57 5 21 11 59 4 31 6 33 7 53   -1
10 5 3 53 5 18 11 58 4 32 6 35 7 57   -1
11 5 3 53 5 18 11 58 4 32 6 35 7 57   -1
12 5 3 53 5 18 11 58 4 32 6 35 7 57  -1
13 5 3 53 5 18 11 58 4 32 6 35 7 57 -1
14 5 3 53 5 18 11 58 4 32 6 35 7 57   -1
15 5 3 50 5 16 11 58 4 32 6 37 8 00   -1
16 5 3 50 5 16 11 58 4 32 6 37 8 00  -1
17 5 3 50 5 16 11 58 4 32 6 37 8 00  -1
18 5 3 50 5 16 11 58 4 32 6 37 8 00   -1
19 5 3 50 5 16 11 58 4 32 6 37 8 00   -1
20 5 3 47 5 13 11 58 4 33 6 40 8 03  -1
21 5 3 47 5 13 11 58 4 33 6 40 8 03   -1
22 5 3 47 5 13 11 58 4 33 6 40 8 03   -1
23 5 3 47 5 13 11 58 4 33 6 40 8 03   -1
24 5 3 47 5 13 11 58 4 33 6 40 8 03   -1
25 5 3 45 5 12 11 59 4 34 6 42 8 06   -1
26 5 3 45 5 12 11 59 4 34 6 42 8 06   -1
27 5 3 45 5 12 11 59 4 34 6 42 8 06 -1
28 5 3 45 5 12 11 59 4 34 6 42 8 06 -1
29 5 3 45 5 12 11 59 4 34 6 42 8 06   -1
30 5 3 45 5 12 11 59 4 34 6 42 8 06   -1
31 5 3 45 5 12 11 59 4 34 6 42 8 06   -1



01 6 3 42 5 10 12 00 4 35 6 46 8 11   -1
02 6 3 42 5 10 12 00 4 35 6 46 8 11   -1
03 6 3 42 5 10 12 00 4 35 6 46 8 11   -1
04 6 3 42 5 10 12 00 4 35 6 46 8 11   -1
05 6 3 42 5 10 12 00 4 36 6 47 8 12  -1
06 6 3 42 5 10 12 00 4 36 6 47 8 12  -1
07 6 3 42 5 10 12 00 4 36 6 47 8 12  -1
08 6 3 42 5 10 12 00 4 36 6 47 8 12  -1
09 6 3 42 5 10 12 00 4 36 6 47 8 12  -1 
10 6 3 41 5 10 12 01 4 37 6 50 8 14  -1
11 6 3 41 5 10 12 01 4 37 6 50 8 14  -1
13 6 3 41 5 10 12 01 4 37 6 50 8 14  -1
14 6 3 41 5 10 12 01 4 37 6 50 8 14  -1
15 6 3 41 5 11 12 02 4 38 6 51 8 17  -1
16 6 3 41 5 11 12 02 4 38 6 51 8 17  -1
17 6 3 41 5 11 12 02 4 38 6 51 8 17  -1
18 6 3 41 5 11 12 02 4 38 6 51 8 17  -1
19 6 3 41 5 11 12 02 4 38 6 51 8 17  -1
20 6 3 42 5 11 12 03 4 40 6 52 8 19  -1
21 6 3 42 5 11 12 03 4 40 6 52 8 19  -1
22 6 3 42 5 11 12 03 4 40 6 52 8 19  -1
23 6 3 42 5 11 12 03 4 40 6 52 8 19  -1
24 6 3 42 5 11 12 03 4 40 6 52 8 19  -1
25 6 3 43 5 12 12 04 4 41 6 53 8 20  -1
26 6 3 43 5 12 12 04 4 41 6 53 8 20  -1
27 6 3 43 5 12 12 04 4 41 6 53 8 20 -1
28 6 3 43 5 12 12 04 4 41 6 53 8 20  -1
29 6 3 43 5 12 12 04 4 41 6 53 8 20 -1
30 6 3 43 5 12 12 04 4 41 6 53 8 20  -1
31 6 3 43 5 12 12 04 4 41 6 53 8 20  -1


01 7 3 45 5 14 12 06 4 42 6 54 8 20  -1
02 7 3 45 5 14 12 06 4 42 6 54 8 20  -1
03 7 3 45 5 14 12 06 4 42 6 54 8 20  -1
04 7 3 45 5 14 12 06 4 42 6 54 8 20  -1
05 7 3 47 5 15 12 07 4 42 6 54 8 20  -1
06 7 3 47 5 15 12 07 4 42 6 54 8 20   -1
07 7 3 47 5 15 12 07 4 42 6 54 8 20 -1
08 7 3 47 5 15 12 07 4 42 6 54 8 20 -1
09 7 3 47 5 15 12 07 4 42 6 54 8 20 -1
10 7 3 49 5 18 12 07 4 43 6 53 8 18  -1
11 7 3 49 5 18 12 07 4 43 6 53 8 18  -1
12 7 3 49 5 18 12 07 4 43 6 53 8 18  -1
13 7 3 49 5 18 12 07 4 43 6 53 8 18  -1
14 7 3 49 5 18 12 07 4 43 6 53 8 18 -1
15 7 3 52 5 19 12 08 4 43 6 52 8 17  -1
16 7 3 52 5 19 12 08 4 43 6 52 8 17  -1
17 7 3 52 5 19 12 08 4 43 6 52 8 17  -1
18 7 3 52 5 19 12 08 4 43 6 52 8 17  -1
19 7 3 52 5 19 12 08 4 43 6 52 8 17  -1
20 7 3 55 5 22 12 08 4 43 6 51 8 14  -1
21 7 3 55 5 22 12 08 4 43 6 51 8 14  -1
22 7 3 55 5 22 12 08 4 43 6 51 8 14  -1
23 7 3 55 5 22 12 08 4 43 6 51 8 14 -1
24 7 3 55 5 22 12 08 4 43 6 51 8 14  -1
25 7 4 00 5 24 12 08 4 43 6 49 8 11  -1
26 7 4 00 5 24 12 08 4 43 6 49 8 11  -1
27 7 4 00 5 24 12 08 4 43 6 49 8 11  -1
28 7 4 00 5 24 12 08 4 43 6 49 8 11  -1
29 7 4 00 5 24 12 08 4 43 6 49 8 11  -1
30 7 4 00 5 24 12 08 4 43 6 49 8 11  -1
31 7 4 00 5 24 12 08 4 43 6 49 8 11  -1


01 8 4 03 5 27 12 08 4 42 6 45 8 05 -1 
02 8 4 03 5 27 12 08 4 42 6 45 8 05  -1
03 8 4 03 5 27 12 08 4 42 6 45 8 05 -1
04 8 4 03 5 27 12 08 4 42 6 45 8 05 -1
05 8 4 06 5 29 12 08 4 41 6 41 8 03  -1
06 8 4 06 5 29 12 08 4 41 6 41 8 03  -1
07 8 4 06 5 29 12 08 4 41 6 41 8 03  -1
08 8 4 06 5 29 12 08 4 41 6 41 8 03  -1
09 8 4 06 5 29 12 08 4 41 6 41 8 03  -1
10 8 4 09 5 31 12 07 4 39 6 39 7 58  -1
11 8 4 09 5 31 12 07 4 39 6 39 7 58  -1
12 8 4 09 5 31 12 07 4 39 6 39 7 58   -1
13 8 4 09 5 31 12 07 4 39 6 39 7 58  -1
14 8 4 09 5 31 12 07 4 39 6 39 7 58  -1
15 8 4 12 5 33 12 06 4 36 6 35 7 53  -1
16 8 4 12 5 33 12 06 4 36 6 35 7 53 -1
17 8 4 12 5 33 12 06 4 36 6 35 7 53 -1
18 8 4 12 5 33 12 06 4 36 6 35 7 53  -1
19 8 4 12 5 33 12 06 4 36 6 35 7 53  -1
20 8 4 15 5 35 12 05 4 36 6 31 7 48  -1
21 8 4 15 5 35 12 05 4 36 6 31 7 48  -1
22 8 4 15 5 35 12 05 4 36 6 31 7 48 -1
23 8 4 15 5 35 12 05 4 36 6 31 7 48 -1
24 8 4 15 5 35 12 05 4 36 6 31 7 48  -1
25 8 4 18 5 37 12 04 4 32 6 27 7 43  -1
26 8 4 18 5 37 12 04 4 32 6 27 7 43  -1
27 8 4 18 5 37 12 04 4 32 6 27 7 43  -1
28 8 4 18 5 37 12 04 4 32 6 27 7 43 -1
29 8 4 18 5 37 12 04 4 32 6 27 7 43  -1
30 8 4 18 5 37 12 04 4 32 6 27 7 43 -1
31 8 4 18 5 37 12 04 4 32 6 27 7 43  -1



01 9 4 21 5 39 12 02 4 29 6 20 7 35  -1
02 9 4 21 5 39 12 02 4 29 6 20 7 35 -1
03 9 4 21 5 39 12 02 4 29 6 20 7 35 -1
04 9 4 21 5 39 12 02 4 29 6 20 7 35  -1
05 9 4 23 5 41 12 01 4 26 6 16 7 31  -1
06 9 4 23 5 41 12 01 4 26 6 16 7 31  -1
07 9 4 23 5 41 12 01 4 26 6 16 7 31 -1
08 9 4 23 5 41 12 01 4 26 6 16 7 31  -1
09 9 4 23 5 41 12 01 4 26 6 16 7 31 -1
10 9 4 25 5 42 11 59 4 23 6 11 7 25  -1
11 9 4 25 5 42 11 59 4 23 6 11 7 25 -1
12 9 4 25 5 42 11 59 4 23 6 11 7 25 -1
13 9 4 25 5 42 11 59 4 23 6 11 7 25  -1
14 9 4 25 5 42 11 59 4 23 6 11 7 25 -1
15 9 4 27 5 44 11 57 4 20 6 07 7 20  -1
16 9 4 27 5 44 11 57 4 20 6 07 7 20 -1
17 9 4 27 5 44 11 57 4 20 6 07 7 20  -1
18 9 4 27 5 44 11 57 4 20 6 07 7 20  -1
19 9 4 27 5 44 11 57 4 20 6 07 7 20  -1
20 9 4 30 5 46 11 55 4 17 6 00 7 14  -1
21 9 4 30 5 46 11 55 4 17 6 00 7 14  -1
22 9 4 30 5 46 11 55 4 17 6 00 7 14  -1
23 9 4 30 5 46 11 55 4 17 6 00 7 14 -1
24 9 4 30 5 46 11 55 4 17 6 00 7 14  -1
25 9 4 32 5 47 11 53 4 11 5 57 7 07  -1
26 9 4 32 5 47 11 53 4 11 5 57 7 07 -1
27 9 4 32 5 47 11 53 4 11 5 57 7 07  -1
28 9 4 32 5 47 11 53 4 11 5 57 7 07 -1
29 9 4 32 5 47 11 53 4 11 5 57 7 07 -1
30 9 4 32 5 47 11 53 4 11 5 57 7 07  -1
31 9 4 32 5 47 11 53 4 11 5 57 7 07 -1


01 10 4 34 5 49 11 59 4 06 5 49 7 02 -1
02 10 4 34 5 49 11 59 4 06 5 49 7 02 -1
03 10 4 34 5 49 11 59 4 06 5 49 7 02  -1
04 10 4 34 5 49 11 59 4 06 5 49 7 02 -1
05 10 4 35 5 51 11 50 4 03 5 45 6 59 -1
06 10 4 35 5 51 11 50 4 03 5 45 6 59  -1
07 10 4 35 5 51 11 50 4 03 5 45 6 59 -1
08 10 4 35 5 51 11 50 4 03 5 45 6 59 -1
09 10 4 35 5 51 11 50 4 03 5 45 6 59  -1
10 10 4 37 5 53 11 49 3 59 5 41 6 54  -1
11 10 4 37 5 53 11 49 3 59 5 41 6 54  -1
12 10 4 37 5 53 11 49 3 59 5 41 6 54  -1
13 10 4 37 5 53 11 49 3 59 5 41 6 54 -1
14 10 4 37 5 53 11 49 3 59 5 41 6 54 -1
15 10 4 39 5 56 11 48 3 55 5 36 6 51 -1
16 10 4 39 5 56 11 48 3 55 5 36 6 51  -1
17 10 4 39 5 56 11 48 3 55 5 36 6 51  -1
18 10 4 39 5 56 11 48 3 55 5 36 6 51  -1
19 10 4 39 5 56 11 48 3 55 5 36 6 51 -1
20 10 4 41 5 58 11 47 3 51 5 32 6 46  -1
21 10 4 41 5 58 11 47 3 51 5 32 6 46 -1
22 10 4 41 5 58 11 47 3 51 5 32 6 46  -1
23 10 4 41 5 58 11 47 3 51 5 32 6 46  -1
24 10 4 41 5 58 11 47 3 51 5 32 6 46  -1
25 10 4 43 6 00 11 46 3 48 5 27 6 42  -1
26 10 4 43 6 00 11 46 3 48 5 27 6 42  -1
27 10 4 43 6 00 11 46 3 48 5 27 6 42  -1
28 10 4 43 6 00 11 46 3 48 5 27 6 42  -1
30 10 4 43 6 00 11 46 3 48 5 27 6 42 -1
31 10 4 43 6 00 11 46 3 48 5 27 6 42  -1



01 11 4 46 6 04 11 55 3 43 5 23 6 38 -1 
02 11 4 46 6 04 11 55 3 43 5 23 6 38  -1
03 11 4 46 6 04 11 55 3 43 5 23 6 38  -1
04 11 4 46 6 04 11 55 3 43 5 23 6 38  -1
05 11 4 48 6 06 11 45 3 41 5 21 6 36 -1
06 11 4 48 6 06 11 45 3 41 5 21 6 36  -1
07 11 4 48 6 06 11 45 3 41 5 21 6 36  -1
08 11 4 48 6 06 11 45 3 41 5 21 6 36  -1
09 11 4 48 6 06 11 45 3 41 5 21 6 36  -1
10 11 4 51 6 10 11 46 3 39 5 18 6 34  -1
11 11 4 51 6 10 11 46 3 39 5 18 6 34  -1
12 11 4 51 6 10 11 46 3 39 5 18 6 34  -1
13 11 4 51 6 10 11 46 3 39 5 18 6 34 -1
14 11 4 51 6 10 11 46 3 39 5 18 6 34 -1
15 11 4 54 6 13 11 47 3 37 5 17 6 32 -1
16 11 4 54 6 13 11 47 3 37 5 17 6 32  -1
17 11 4 54 6 13 11 47 3 37 5 17 6 32 -1
18 11 4 54 6 13 11 47 3 37 5 17 6 32  -1
19 11 4 54 6 13 11 47 3 37 5 17 6 32  -1
20 11 4 57 6 16 11 47 3 36 5 15 6 32  -1
21 11 4 57 6 16 11 47 3 36 5 15 6 32 -1
22 11 4 57 6 16 11 47 3 36 5 15 6 32  -1
23 11 4 57 6 16 11 47 3 36 5 15 6 32  -1
24 11 4 57 6 16 11 47 3 36 5 15 6 32  -1
25 11 5 00 6 20 11 49 3 35 5 14 6 31  -1
26 11 5 00 6 20 11 49 3 35 5 14 6 31 -1
27 11 5 00 6 20 11 49 3 35 5 14 6 31  -1
28 11 5 00 6 20 11 49 3 35 5 14 6 31  -1
29 11 5 00 6 20 11 49 3 35 5 14 6 31  -1
30 11 5 00 6 20 11 49 3 35 5 14 6 31  -1
31 11 5 00 6 20 11 49 3 35 5 14 6 31  -1


01 12 5 03 6 24 11 51 3 35 5 14 6 32  -1
02 12 5 03 6 24 11 51 3 35 5 14 6 32  -1
03 12 5 03 6 24 11 51 3 35 5 14 6 32  -1
04 12 5 03 6 24 11 51 3 35 5 14 6 32  -1
05 12 5 06 6 27 11 53 3 35 5 14 6 33  -1
06 12 5 06 6 27 11 53 3 35 5 14 6 33  -1
07 12 5 06 6 27 11 53 3 35 5 14 6 33  -1
08 12 5 06 6 27 11 53 3 35 5 14 6 33  -1
09 12 5 06 6 27 11 53 3 35 5 14 6 33  -1
10 12 5 09 6 30 11 55 3 36 5 16 6 34  -1
11 12 5 09 6 30 11 55 3 36 5 16 6 34  -1
12 12 5 09 6 30 11 55 3 36 5 16 6 34  -1
13 12 5 09 6 30 11 55 3 36 5 16 6 34  -1
14 12 5 09 6 30 11 55 3 36 5 16 6 34  -1
15 12 5 12 6 33 11 57 3 37 5 17 6 36  -1
16 12 5 12 6 33 11 57 3 37 5 17 6 36  -1
17 12 5 12 6 33 11 57 3 37 5 17 6 36  -1
18 12 5 12 6 33 11 57 3 37 5 17 6 36  -1
19 12 5 12 6 33 11 57 3 37 5 17 6 36  -1
20 12 5 14 6 36 11 59 3 39 5 19 6 38  -1
21 12 5 14 6 36 11 59 3 39 5 19 6 38  -1
22 12 5 14 6 36 11 59 3 39 5 19 6 38  -1
23 12 5 14 6 36 11 59 3 39 5 19 6 38  -1
24 12 5 14 6 36 11 59 3 39 5 19 6 38  -1
25 12 5 16 6 38 12 02 3 42 5 22 6 41  -1
26 12 5 16 6 38 12 02 3 42 5 22 6 41  -1
27 12 5 16 6 38 12 02 3 42 5 22 6 41 -1
28 12 5 16 6 38 12 02 3 42 5 22 6 41  -1
29 12 5 16 6 38 12 02 3 42 5 22 6 41  -1
30 12 5 16 6 38 12 02 3 42 5 22 6 41 -1
31 12 5 16 6 38 12 02 3 42 5 22 6 41  -1
